0.157704557644481 -0.0118669328182192
0.131621642906775 -0.0112535280762054
0.145442317037409 -0.000658936874971959
0.144503685398089 -0.023357554932297
0.112563651507441 -0.019995878028067
0.127901294800325 0.0319224327242199
0.0941404133114302 -0.0285077899783293
0.11921287103816 0.042734997976826
0.0775272908522397 0.0195252035235386
0.0711052562217227 0.0428607854827166
0.18511546015048 -0.00398364159097733
0.174616363996001 -0.0197178082892751
0.146965454297833 -0.0482129592228019
0.109604200926352 -0.0742887824369066
0.0736764705581329 -0.089232478188895
0.0511233886386858 -0.102853787295168
0.00836491175946282 -0.11037997529359
-0.0450137389550136 -0.102137347680333
-0.0947189108716424 -0.0865976756452119
-0.135601891227933 -0.0849683042005775
-0.163510130746957 -0.0727629987993413
-0.139169081715696 -0.0317674668235273
-0.119460974176924 -0.0260812686089096
-0.154420411127791 -0.0214587060282086
-0.225294375845774 -0.0447908211671594
-0.250689056531438 -0.0451106665790841
-0.213043856178869 0.00636986696011036
-0.23578345484433 0.053903469646654
-0.212636636227161 0.0543035909722973
-0.146520363685119 0.0282368241873966
-0.108276147576309 0.0341100822095504
-0.132878398172015 0.0388191127266366
-0.143504434171191 0.0752017236567751
-0.0829748140599405 0.0853364357695186
-0.0319513585879105 0.0709672562823066
0.0512663724160774 0.0733371980295444
0.0131830165429431 0.0777637562181741
-0.00349730537795815 0.101278090579513
0.0316447231655354 0.0967332130157581
0.0744629325834164 0.0744320731665077
0.148146279650777 0.0388215065599349
0.166981173489428 0.0237617905665055
0.186102452687389 0.00566388531101319
0.180212167159668 0.0042851292301033
-0.0615160500046707 -0.0713919615031506
-0.0827269586556111 0.0510088452656073
